   0 107 241 190 124  80 316  76 152 157  43 133 113 297 228 129 348 276 188 150  65 341
 107   0  18 137  88 127 336 183 134  95 254 180 101 234 175 176 265 199 182  67  42 278
 241 148   0  24 171 259 509 317 217 232 491 312 280 391 412 349 422 356 355 204 182 435
 190 137 374   0 202 234 222 192 248  42 117 287  79 107  38 121 152  86  68  70 137 151
 124  88 171 202   0  61 392 202   4 160 319 112 163 322 240 232 314 287 238 155  65 366
  80 127 259 234  61   0 386 141  72 167 351   5 157 331 272 226 362 296 232 164  85 375
 316 336 509 222 392 386   0  23 438 254 202 439 235 254 210 187 313 266 154 282 321 298
  76 183 317 192 202 141 233   0 213 188 272 193 131 302 233  98 344 289 177 216 141 346
 152 134 217 248  46  72 438 213   0 206 365  89 209 368 286 278 360 333 284 201 111  12
 157  95 232  42 160 167 254 188 206   0 159 220  17 149  80 132 193 127  10  28  95 193
 283  54 491 117 319 351 202 272 365 159   0 404 176 106  79 161 165 141  95 187 254 103
 133 180 312 287  12  55 439 193  89 220 404   0 210 384 325 279 415 349 285 217 138 428
 113 101 280  79 163 157 235 131 209   7 176 210   0 186 117  75 231 165  81  85  12 230
 297 234 391 107 322 331 254 302 368 149 106 384 186   0  69 191  59  35 125 167 255  44
 228 175 412  38 240 272 210 233 286  80  79 325 117  19   0 122 122  56  56 108 175 113
 129 176 349 121 232 226 187  98 278 132 161 279  75 191 122   0  24 178  66 160 161 235
 348 265 422 152 314 362 313 344 360 193 165 415  21  59 122 244   0  66 178 198 286  77
 276 199 356  86 287   6 266 289 333 127 141 349 165  35  56 178  66   0 112 132 220  79
 188 182 355  68 238 232  14 177 284 100  95 285  81 125  56  66 178 112   0 128 167 169
 150  67 204  70 155 164 282 216 201  28 187 217  85 167 108  20 198 132 128   0  88 211
  65  42 182 137  65  85 321 141 111  95 254 138  92 255 175 161 286 220 167   8   0 299
 341 278 435 151 366 375 298 346 412 193 103 428 230  44 113 235  77  79 169 211  19   0