0  15  30  23  32  55  33  37  92 114  92 110  96  90  74  76  82  67  72  78  82
  15   0  34  23  27  40  19  32  93 117  88 100  87  75  63  67  71  69  62  63  96
  30  34   0  11  18  57  36  65  62  84  64  89  76  93  95 100 104  98  57  88  99
  23  23  11   0  11  48  26  54  70  94  69  89  75  84  84  89  92  89  54  78  99
  32  27  18  11   0  40  20  58  67  92  61  78  65  76  83  89  91  95  43  72 110
  55  40  57  48  40   0  23  55  96 123  78  75  62  36  56  66  63  95  37  34 137
  33  19  36  26  20  23   0  45  85 111  75  82  69  60  63  70  71  85  44  52 115
  37  32  65  54  58  55  45   0 124 149 118 126 113  80  42  42  49  40  87  60  94
  92  93  62  70  67  96  85 124   0  28  29  68  63 122 148 155 156 159  67 129 148
 114 117  84  94  92 123 111 149  28   0  54  91  88 150 174 181 182 181  95 157 159
  92  88  64  69  61  78  75 118  29  54   0  39  34  99 134 142 141 157  44 110 161
 110 100  89  89  78  75  82 126  68  91  39   0  14  80 129 139 135 167  39  98 187
  96  87  76  75  65  62  69 113  63  88  34  14   0  72 117 128 124 153  26  88 174
  90  75  93  84  76  36  60  80 122 150  99  80  72   0  59  71  63 116  56  25 170
  74  63  95  84  83  56  63  42 148 174 134 129 117  59   0  11   8  63  93  35 135
  76  67 100  89  89  66  70  42 155 181 142 139 128  71  11   0  11  54 103  46 130
  82  71 104  92  91  63  71  49 156 182 141 135 124  63   8  11   0  65 100  39 140
  67  69  98  89  95  95  85  40 159 181 157 167 153 116  63  54  65   0 127  92  83
  72  62  57  54  43  37  44  87  67  95  44  39  26  56  93 103 100 127   0  67 153
  78  63  88  78  72  34  52  60 129 157 110  98  88  25  35  46  39  92  67   0 152
  82  96  99  99 110 137 115  94 148 159 161 187 174 170 135 130 140  83 153 152   0